1760399958880 0.7271802425384521 0
1760399984860 0.21340033411979675 50
1760400010039 0.18719863891601562 100
1760400035968 0.07337003946304321 150
1760400062344 0.1766204833984375 200
1760400089074 0.10323958098888397 250
1760400113986 0.08709271252155304 300
1760400138922 0.06415566802024841 350
1760400164028 0.039681751281023026 400
1760400189013 0.031597498804330826 450
1760400213997 0.40257376432418823 500
1760400238990 0.0407935306429863 550
1760400264526 0.03603736311197281 600
1760400289599 0.20554329454898834 650
1760400314903 0.11443868279457092 700
1760400339985 0.06804845482110977 750
1760400365795 0.22368203103542328 800
1760400391610 0.125113382935524 850
1760400416573 0.053215451538562775 900
1760400442288 0.16024023294448853 950
1760400467650 0.05192406848073006 1000
1760400493823 0.07335373014211655 1050
1760400522073 0.19870276749134064 1100
1760400547626 0.11148224771022797 1150
1760400572842 0.2570802867412567 1200
1760400598549 0.017934411764144897 1250
1760400624305 0.1358143836259842 1300
1760400649736 0.29038718342781067 1350
1760400676414 0.07582223415374756 1400
1760400702125 0.4710206389427185 1450
1760400727941 0.023821627721190453 1500
1760400753762 0.018694158643484116 1550
1760400780456 0.15532313287258148 1600
1760400806963 0.04384499043226242 1650
1760400833415 0.10183575749397278 1700
1760400859814 0.3837842047214508 1750
1760400886175 0.07921095192432404 1800
1760400912717 0.03977949544787407 1850
1760400938223 0.12683942914009094 1900
1760400964456 0.07161005586385727 1950
1760400989854 0.12793998420238495 2000
1760401015425 0.022782497107982635 2050
1760401041276 0.019859788939356804 2100
1760401066330 0.16289536654949188 2150
1760401092303 0.7839428186416626 2200
1760401118587 0.275236576795578 2250
1760401146497 0.3096497058868408 2300
1760401173208 0.14840498566627502 2350
1760401204156 0.015318568795919418 2400
1760401247397 0.2627909481525421 2450
1760401291849 0.05138392746448517 2500
1760401337236 0.10691370069980621 2550
1760401383670 0.10050229728221893 2600
