1760399958853 66.3838882446289 0
1760399984840 29.748817443847656 50
1760400010018 22.3132266998291 100
1760400035948 25.91876220703125 150
1760400062321 22.823286056518555 200
1760400089054 25.618532180786133 250
1760400113964 24.303869247436523 300
1760400138901 24.71854591369629 350
1760400164007 25.912132263183594 400
1760400188987 24.941898345947266 450
1760400213975 23.796558380126953 500
1760400238969 27.089651107788086 550
1760400264501 28.866851806640625 600
1760400289578 25.23134994506836 650
1760400314882 25.739192962646484 700
1760400339963 28.285024642944336 750
1760400365772 25.48394775390625 800
1760400391587 26.78942108154297 850
1760400416551 26.73790168762207 900
1760400442267 26.64976692199707 950
1760400467621 28.481489181518555 1000
1760400493801 27.573314666748047 1050
1760400522055 24.631977081298828 1100
1760400547603 26.892581939697266 1150
1760400572820 27.741849899291992 1200
1760400598525 29.585899353027344 1250
1760400624280 27.614870071411133 1300
1760400649713 26.498388290405273 1350
1760400676391 26.75947380065918 1400
1760400702098 26.855548858642578 1450
1760400727915 29.305334091186523 1500
1760400753740 27.753326416015625 1550
1760400780432 28.938522338867188 1600
1760400806940 29.043163299560547 1650
1760400833392 27.810094833374023 1700
1760400859792 28.418676376342773 1750
1760400886153 28.36481475830078 1800
1760400912695 29.219135284423828 1850
1760400938199 29.154878616333008 1900
1760400964430 30.163110733032227 1950
1760400989830 27.681869506835938 2000
1760401015403 28.81201934814453 2050
1760401041254 32.46951675415039 2100
1760401066305 30.297161102294922 2150
1760401092280 29.60873794555664 2200
1760401118553 26.667015075683594 2250
1760401146470 28.764549255371094 2300
1760401173183 27.720308303833008 2350
1760401204132 30.838905334472656 2400
1760401247340 29.54668617248535 2450
1760401291808 28.480066299438477 2500
1760401337176 29.525564193725586 2550
1760401383625 28.459426879882812 2600
