1760399514758 0.7059799432754517 0
1760399516553 0.1852559745311737 50
1760399518305 0.16987517476081848 100
1760399520056 0.05973276495933533 150
1760399521856 0.03821422532200813 200
1760399523624 0.16161593794822693 250
1760399525380 0.025513648986816406 300
1760399527127 0.02834654040634632 350
1760399528881 0.01581442728638649 400
1760399530638 0.009887094609439373 450
1760399532383 0.16782419383525848 500
1760399534139 0.26890623569488525 550
1760399535890 0.012217887677252293 600
1760399537638 0.06817030906677246 650
