1760399514737 59.19351577758789 0
1760399516532 21.939796447753906 50
1760399518283 24.07113265991211 100
1760399520032 26.5888614654541 150
1760399521835 24.3660831451416 200
1760399523604 28.782642364501953 250
1760399525359 27.652973175048828 300
1760399527106 29.961925506591797 350
1760399528861 24.676193237304688 400
1760399530618 26.827442169189453 450
1760399532363 26.925674438476562 500
1760399534119 22.853395462036133 550
1760399535867 32.41383361816406 600
1760399537617 24.017597198486328 650
