1760399609726 0.7104796171188354 0
1760399613067 0.23733031749725342 50
1760399616386 0.09262906014919281 100
1760399619698 0.17439910769462585 150
1760399623008 0.2141118049621582 200
1760399626314 0.05829237774014473 250
1760399629620 0.12763068079948425 300
1760399631593 0.10443031787872314 329
1760399634903 0.07570013403892517 379
1760399638225 0.09108937531709671 429
1760399641571 0.037030838429927826 479
1760399644880 0.12448075413703918 529
1760399648176 0.1934410035610199 579
1760399651484 0.04855100437998772 629
1760399653442 0.22311115264892578 658
1760399656746 0.11719674617052078 708
1760399660045 0.09541560709476471 758
1760399663344 0.02628880739212036 808
1760399666644 0.02544482797384262 858
1760399669952 0.022193755954504013 908
1760399673252 0.01242341473698616 958
1760399675217 0.23548467457294464 987
1760399678527 0.016078084707260132 1037
1760399681833 0.08509326726198196 1087
1760399685132 0.2398327887058258 1137
1760399688441 0.10078717768192291 1187
1760399691749 0.03699853643774986 1237
1760399695050 0.15983568131923676 1287
1760399697013 0.0457100048661232 1316
1760399700332 0.22776830196380615 1366
1760399703690 0.056379981338977814 1416
1760399707007 0.048623621463775635 1466
1760399710320 0.40233051776885986 1516
1760399713641 0.05165333300828934 1566
1760399716957 0.10172770917415619 1616
1760399718921 0.6651618480682373 1645
1760399722233 0.01472209021449089 1695
1760399725545 0.1956830471754074 1745
1760399728856 0.6504896283149719 1795
1760399732162 0.00981973484158516 1845
1760399735467 0.011218100786209106 1895
1760399738801 0.007672698237001896 1945
1760399740775 0.15465997159481049 1974
1760399744117 0.002180790062993765 2024
1760399747449 0.002651665825396776 2074
1760399750806 0.013582023791968822 2124
1760399754155 0.006180749274790287 2174
1760399757512 0.046233873814344406 2224
1760399760875 0.002407214604318142 2274
1760399762897 0.0018560660537332296 2303
1760399766255 0.014243724755942822 2353
1760399769634 0.0026924062985926867 2403
1760399772987 0.0027194377034902573 2453
1760399776370 0.002746133366599679 2503
1760399779753 0.004200777038931847 2553
1760399783132 0.0036911386996507645 2603
1760399785129 0.003630272578448057 2632
1760399788529 0.003919390961527824 2682
1760399791913 0.0018508762586861849 2732
1760399795303 0.0019388002110645175 2782
1760399798701 0.0014627600321546197 2832
1760399802081 0.06253209710121155 2882
1760399805460 0.5215098857879639 2932
1760399807469 0.05104780197143555 2961
1760399810856 0.03351499140262604 3011
1760399814264 0.15845301747322083 3061
1760399817652 0.01967061683535576 3111
1760399821081 0.15215681493282318 3161
1760399824501 0.020401794463396072 3211
1760399827916 0.021357376128435135 3261
