1760399609706 62.719947814941406 0
1760399613046 28.117259979248047 50
1760399616364 24.16929054260254 100
1760399619673 22.026491165161133 150
1760399622989 24.14185333251953 200
1760399626293 25.46077537536621 250
1760399629599 22.729862213134766 300
1760399631570 28.443889617919922 329
1760399634881 24.994346618652344 379
1760399638199 26.852216720581055 429
1760399641548 24.532062530517578 479
1760399644860 24.92000961303711 529
1760399648158 26.767417907714844 579
1760399651456 26.768173217773438 629
1760399653420 23.23161506652832 658
1760399656724 26.854694366455078 708
1760399660024 22.14590072631836 758
1760399663323 25.7357234954834 808
1760399666623 31.44308853149414 858
1760399669920 30.07249641418457 908
1760399673231 29.840652465820312 958
1760399675194 26.5679931640625 987
1760399678501 30.766178131103516 1037
1760399681810 26.12898826599121 1087
1760399685111 26.81534194946289 1137
1760399688413 26.52075958251953 1187
1760399691728 27.52903938293457 1237
1760399695028 27.003238677978516 1287
1760399696990 27.116453170776367 1316
1760399700306 29.467025756835938 1366
1760399703667 27.514122009277344 1416
1760399706980 26.80428123474121 1466
1760399710297 32.597434997558594 1516
1760399713618 25.179426193237305 1566
1760399716932 26.63077163696289 1616
1760399718895 26.883886337280273 1645
1760399722210 27.607959747314453 1695
1760399725520 29.87128257751465 1745
1760399728830 28.532470703125 1795
1760399732138 31.001873016357422 1845
1760399735444 27.26569366455078 1895
1760399738773 29.520069122314453 1945
1760399740749 30.668399810791016 1974
1760399744091 29.746826171875 2024
1760399747424 26.03315544128418 2074
1760399750782 26.124757766723633 2124
1760399754125 29.478981018066406 2174
1760399757484 29.667612075805664 2224
1760399760851 25.630327224731445 2274
1760399762872 25.685239791870117 2303
1760399766233 33.63567352294922 2353
1760399769611 29.7872257232666 2403
1760399772962 28.203298568725586 2453
1760399776345 29.811180114746094 2503
1760399779728 26.28278350830078 2553
1760399783107 27.496488571166992 2603
1760399785099 28.26711654663086 2632
1760399788499 29.549917221069336 2682
1760399791889 29.07855796813965 2732
1760399795280 29.62736701965332 2782
1760399798676 31.830055236816406 2832
1760399802057 31.08708953857422 2882
1760399805434 26.890159606933594 2932
1760399807442 26.63835906982422 2961
1760399810831 28.785717010498047 3011
1760399814234 24.88068389892578 3061
1760399817627 29.017101287841797 3111
1760399821054 31.253368377685547 3161
1760399824476 30.136507034301758 3211
1760399827887 33.515193939208984 3261
